tic
y0 = [2, 3, 2];
y = adamsbashfort(@f, [1 1 0.8], y0, 1000, 10000);
toc
